 Date       Time            JTime           Pwr(mW)-A1       Pwr(mW)-A2      Pwr(mW)-B1/2     Pwr(mW)-B3/4       Pwr(mW)-C     Pwr(mW)-Power      Pwr(mW)-CPU     Pwr(mW)-PSD1     Pwr(mW)-PSD2  
24JUN02  00:23:01.21  1052740823.0185547    200.0000000      710.0000000      300.0000000      425.0000000      355.0000000      205.0000000      735.0000000      882.6777884      772.3709227  
24JUN02  00:28:00.99  1052740828.0166016    205.0000000      710.0000000      305.0000000      420.0000000      350.0000000      205.0000000      770.0000000      881.3412233      771.7303705  
24JUN02  00:33:01.10  1052740833.0175781    210.0000000      705.0000000      300.0000000      420.0000000      360.0000000      205.0000000      730.0000000      871.8091744      774.9308398  
24JUN02  00:38:01.00  1052740838.0166016    205.0000000      710.0000000      300.0000000      420.0000000      345.0000000      205.0000000      735.0000000      864.9331260      772.2204536  
24JUN02  00:43:01.00  1052740843.0166016    205.0000000      710.0000000      300.0000000      420.0000000      350.0000000      200.0000000      750.0000000      881.4082741      773.6623035  
24JUN02  00:48:01.00  1052740848.0166016    215.0000000      705.0000000      300.0000000      425.0000000      335.0000000      200.0000000      735.0000000      868.3736562      769.0001350  
24JUN02  00:53:01.17  1052740853.0195313    215.0000000      695.0000000      305.0000000      420.0000000      350.0000000      200.0000000      720.0000000      864.7051684      783.2039292  
24JUN02  00:58:01.01  1052740858.0166016    205.0000000      700.0000000      305.0000000      420.0000000      345.0000000      205.0000000      745.0000000      875.4658928      784.7514380  
24JUN02  01:03:01.23  1052740863.0205078    205.0000000      705.0000000      305.0000000      415.0000000      350.0000000      210.0000000      720.0000000      883.1796723      777.6033642  
24JUN02  01:08:01.01  1052740868.0156250    215.0000000      705.0000000      305.0000000      435.0000000      355.0000000      200.0000000      715.0000000      877.4974613      788.5762318  
24JUN02  01:13:01.29  1052740873.0214844    205.0000000      705.0000000      300.0000000      430.0000000      280.0000000      205.0000000      745.0000000      875.5088860      788.3371032  
24JUN02  01:18:01.29  1052740878.0205078    205.0000000      700.0000000      305.0000000      415.0000000      355.0000000      200.0000000      720.0000000      876.2711653      785.4671004  
24JUN02  01:23:01.30  1052740883.0205078    210.0000000      715.0000000      300.0000000      420.0000000      360.0000000      205.0000000      725.0000000      863.7357471      770.7027943  
24JUN02  01:28:01.03  1052740888.0166016    200.0000000      705.0000000      300.0000000      415.0000000      355.0000000      205.0000000      700.0000000      877.1051592      771.8548664  
24JUN02  01:33:01.03  1052740893.0166016    205.0000000      710.0000000      300.0000000      425.0000000      360.0000000      205.0000000      705.0000000      877.8692562      785.4214925  
24JUN02  01:38:01.03  1052740898.0166016    205.0000000      710.0000000      310.0000000      425.0000000      345.0000000      210.0000000      780.0000000      859.1556787      789.0551646  
24JUN02  01:43:01.04  1052740903.0166016    200.0000000      700.0000000      305.0000000      425.0000000      350.0000000      205.0000000      730.0000000      878.2708480      792.0789125  
24JUN02  01:48:01.04  1052740908.0166016    205.0000000      710.0000000      300.0000000      420.0000000      345.0000000      200.0000000      740.0000000      873.0981218      774.4021647  
24JUN02  01:53:00.99  1052740913.0166016    205.0000000      710.0000000      305.0000000      415.0000000      350.0000000      210.0000000      765.0000000      861.7012135      785.6621703  
24JUN02  01:58:00.99  1052740918.0166016    200.0000000      710.0000000      310.0000000      415.0000000      345.0000000      205.0000000      705.0000000      882.1385980      772.0810764  
24JUN02  02:03:00.99  1052740923.0166016    215.0000000      710.0000000      320.0000000      420.0000000      345.0000000      200.0000000      745.0000000      873.0865108      790.4994684  
24JUN02  02:08:01.00  1052740928.0166016    225.0000000      705.0000000      300.0000000      420.0000000      355.0000000      205.0000000      730.0000000      879.2504983      787.5848604  
24JUN02  02:12:59.90  1052740932.9980469    200.0000000      710.0000000      305.0000000      415.0000000      350.0000000      210.0000000      740.0000000      862.4587479      787.6939754  
24JUN02  02:18:01.00  1052740938.0166016    210.0000000      710.0000000      305.0000000      420.0000000      355.0000000      210.0000000      745.0000000      876.0225827      771.2064325  
24JUN02  02:23:01.00  1052740943.0166016    210.0000000      710.0000000      305.0000000      415.0000000      345.0000000      205.0000000      765.0000000      871.1820631      791.9299654  
24JUN02  02:28:01.01  1052740948.0166016    210.0000000      700.0000000      305.0000000      425.0000000      345.0000000      205.0000000      760.0000000      873.6565358      790.4527086  
24JUN02  02:33:01.01  1052740953.0166016    205.0000000      715.0000000      320.0000000      420.0000000      355.0000000      200.0000000      710.0000000      868.1803304      776.0585710  
24JUN02  02:38:01.29  1052740958.0205078    205.0000000      700.0000000      310.0000000      420.0000000      275.0000000      200.0000000      735.0000000      875.8096679      772.8687607  
24JUN02  02:43:01.02  1052740963.0156250    210.0000000      705.0000000      310.0000000      410.0000000      350.0000000      205.0000000      740.0000000      874.1793996      772.1985417  
24JUN02  02:48:01.24  1052740968.0205078    215.0000000      705.0000000      295.0000000      420.0000000      350.0000000      205.0000000      735.0000000      882.5197404      777.2913391  
24JUN02  02:53:01.02  1052740973.0166016    205.0000000      720.0000000      315.0000000      425.0000000      350.0000000      210.0000000      720.0000000      881.8703332      790.3084320  
24JUN02  02:58:01.30  1052740978.0214844    205.0000000      715.0000000      300.0000000      415.0000000      275.0000000      200.0000000      780.0000000      872.4750627      772.0183474  
24JUN02  03:03:01.03  1052740983.0166016    200.0000000      710.0000000      300.0000000      425.0000000      355.0000000      200.0000000      740.0000000      878.6450240      763.1156949  
24JUN02  03:08:01.03  1052740988.0166016    200.0000000      705.0000000      300.0000000      425.0000000      345.0000000      200.0000000      725.0000000      872.5357499      773.6081491  
24JUN02  03:13:01.15  1052740993.0185547    215.0000000      710.0000000      305.0000000      425.0000000      350.0000000      205.0000000      760.0000000      861.3270164      772.0351251  
24JUN02  03:18:01.04  1052740998.0166016    210.0000000      710.0000000      310.0000000      425.0000000      355.0000000      205.0000000      705.0000000      885.5418608      774.7926066  
24JUN02  03:23:00.93  1052741003.0146484    225.0000000      710.0000000      305.0000000      420.0000000      355.0000000      200.0000000      720.0000000      863.1369739      778.2073058  
24JUN02  03:28:00.93  1052741008.0146484    215.0000000      710.0000000      310.0000000      430.0000000      365.0000000      200.0000000      760.0000000      879.1649602      779.8911320  
24JUN02  03:33:00.88  1052741013.0146484    215.0000000      725.0000000      305.0000000      440.0000000      345.0000000      200.0000000      745.0000000      867.6328088      782.2764926  
24JUN02  03:38:00.89  1052741018.0146484    210.0000000      705.0000000      310.0000000      430.0000000      350.0000000      200.0000000      725.0000000      863.5418590      790.9100170  
24JUN02  03:43:00.89  1052741023.0146484    200.0000000      705.0000000      305.0000000      420.0000000      345.0000000      210.0000000      740.0000000      868.0386069      773.7692189  
24JUN02  03:48:00.89  1052741028.0146484    205.0000000      710.0000000      305.0000000      420.0000000      350.0000000      210.0000000      730.0000000      878.7984814      791.0873832  
24JUN02  03:53:00.89  1052741033.0146484    205.0000000      715.0000000      320.0000000      425.0000000      350.0000000      200.0000000      725.0000000      868.7332317      793.8177777  
24JUN02  03:58:00.90  1052741038.0146484    205.0000000      715.0000000      305.0000000      420.0000000      345.0000000      205.0000000      715.0000000      874.7661912      781.1456871  
24JUN02  04:03:00.96  1052741043.0146484    200.0000000      725.0000000      315.0000000      420.0000000      355.0000000      200.0000000      735.0000000      868.8957837      796.5456321  
24JUN02  04:08:00.90  1052741048.0146484    205.0000000      705.0000000      305.0000000      430.0000000      355.0000000      200.0000000      740.0000000      878.6086272      773.9705548  
24JUN02  04:13:01.18  1052741053.0195313    200.0000000      705.0000000      305.0000000      415.0000000      275.0000000      205.0000000      700.0000000      869.9419664      782.5062803  
24JUN02  04:18:00.91  1052741058.0156250    200.0000000      710.0000000      300.0000000      420.0000000      345.0000000      200.0000000      755.0000000      876.0585260      772.0160387  
24JUN02  04:23:01.02  1052741063.0166016    195.0000000      710.0000000      295.0000000      420.0000000      360.0000000      205.0000000      735.0000000      886.2012009      788.1234387  
24JUN02  04:28:01.14  1052741068.0185547    200.0000000      710.0000000      305.0000000      420.0000000      345.0000000      205.0000000      710.0000000      865.3108788      776.8634737  
24JUN02  04:33:01.03  1052741073.0166016    205.0000000      710.0000000      310.0000000      420.0000000      355.0000000      200.0000000      750.0000000      872.6680044      790.3864128  
24JUN02  04:38:00.92  1052741078.0146484    205.0000000      710.0000000      310.0000000      415.0000000      350.0000000      205.0000000      745.0000000      886.4175287      787.9846162  
24JUN02  04:43:00.93  1052741083.0146484    205.0000000      710.0000000      310.0000000      415.0000000      350.0000000      200.0000000      730.0000000      882.1346995      780.0466780  
24JUN02  04:48:00.93  1052741088.0146484    200.0000000      705.0000000      300.0000000      420.0000000      345.0000000      210.0000000      710.0000000      873.8832763      773.6014489  
24JUN02  04:53:00.93  1052741093.0146484    205.0000000      710.0000000      315.0000000      420.0000000      345.0000000      205.0000000      750.0000000      873.7895360      777.1554796  
24JUN02  04:58:00.93  1052741098.0146484    200.0000000      710.0000000      310.0000000      420.0000000      350.0000000      205.0000000      765.0000000      879.9407181      787.4907358  
24JUN02  05:03:00.94  1052741103.0146484    205.0000000      700.0000000      305.0000000      415.0000000      340.0000000      205.0000000      700.0000000      869.9050812      780.2833759  
24JUN02  05:08:00.89  1052741108.0146484    205.0000000      710.0000000      315.0000000      420.0000000      345.0000000      205.0000000      710.0000000      873.2994293      770.3064829  
24JUN02  05:13:00.89  1052741113.0146484    210.0000000      705.0000000      310.0000000      420.0000000      355.0000000      200.0000000      740.0000000      878.7173141      769.1571809  
24JUN02  05:18:00.89  1052741118.0146484    215.0000000      710.0000000      310.0000000      425.0000000      355.0000000      205.0000000      730.0000000      878.2308897      772.7844816  
24JUN02  05:23:00.89  1052741123.0146484    200.0000000      715.0000000      305.0000000      415.0000000      350.0000000      205.0000000      715.0000000      887.7119963      786.1882542  
24JUN02  05:28:00.90  1052741128.0146484    210.0000000      710.0000000      310.0000000      420.0000000      350.0000000      205.0000000      730.0000000      885.0566153      768.5870398  
24JUN02  05:33:01.18  1052741133.0185547    205.0000000      720.0000000      305.0000000      420.0000000      340.0000000      205.0000000      730.0000000      874.3112109      789.6685345  
24JUN02  05:38:00.90  1052741138.0146484    210.0000000      705.0000000      305.0000000      425.0000000      355.0000000      210.0000000      745.0000000      870.7740926      785.1641640  
24JUN02  05:43:00.91  1052741143.0156250    215.0000000      710.0000000      315.0000000      425.0000000      350.0000000      200.0000000      770.0000000      879.8171120      791.4308289  
24JUN02  05:48:00.91  1052741148.0156250    215.0000000      705.0000000      305.0000000      420.0000000      350.0000000      210.0000000      735.0000000      870.0610287      780.3015735  
24JUN02  05:53:00.91  1052741153.0156250    205.0000000      710.0000000      310.0000000      425.0000000      350.0000000      205.0000000      745.0000000      876.5270184      792.1249323  
24JUN02  05:58:00.92  1052741158.0146484    210.0000000      700.0000000      310.0000000      415.0000000      345.0000000      200.0000000      705.0000000      878.5156644      773.4901934  
24JUN02  06:03:00.92  1052741163.0146484    205.0000000      695.0000000      305.0000000      425.0000000      350.0000000      205.0000000      720.0000000      877.5748936      788.7748792  
24JUN02  06:08:00.92  1052741168.0146484    205.0000000      710.0000000      305.0000000      425.0000000      350.0000000      200.0000000      725.0000000      880.5435833      780.9470543  
24JUN02  06:13:00.93  1052741173.0156250    215.0000000      715.0000000      300.0000000      420.0000000      345.0000000      200.0000000      740.0000000      879.1080231      788.4457046  
24JUN02  06:18:00.93  1052741178.0146484    205.0000000      710.0000000      315.0000000      425.0000000      350.0000000      205.0000000      720.0000000      880.0198888      782.4830043  
24JUN02  06:23:00.93  1052741183.0146484    200.0000000      705.0000000      300.0000000      410.0000000      350.0000000      200.0000000      765.0000000      891.3876164      777.4019948  
24JUN02  06:28:00.93  1052741188.0146484    205.0000000      700.0000000      310.0000000      420.0000000      340.0000000      205.0000000      710.0000000      881.0258387      785.7626773  
24JUN02  06:33:00.99  1052741193.0166016    210.0000000      720.0000000      300.0000000      425.0000000      350.0000000      210.0000000      730.0000000      870.7674953      772.8734423  
24JUN02  06:38:01.00  1052741198.0156250    205.0000000      710.0000000      305.0000000      415.0000000      350.0000000      205.0000000      740.0000000      864.2540609      785.3281779  
24JUN02  06:43:00.89  1052741203.0146484    210.0000000      720.0000000      300.0000000      415.0000000      360.0000000      200.0000000      745.0000000      868.4281436      769.4777990  
24JUN02  06:48:01.50  1052741208.0244141    215.0000000      705.0000000      305.0000000      425.0000000      360.0000000      205.0000000      725.0000000      881.9936806      773.6347405  
24JUN02  06:53:00.89  1052741213.0146484    210.0000000      715.0000000      310.0000000      425.0000000      350.0000000      205.0000000      725.0000000      874.8745818      792.0412758  
24JUN02  06:58:00.90  1052741218.0146484    205.0000000      705.0000000      305.0000000      420.0000000      355.0000000      205.0000000      690.0000000      872.7518420      773.8308642  
24JUN02  07:03:00.90  1052741223.0146484    210.0000000      705.0000000      300.0000000      420.0000000      355.0000000      205.0000000      715.0000000      875.6932843      779.8695150  
24JUN02  07:08:00.90  1052741228.0146484    210.0000000      715.0000000      310.0000000      420.0000000      345.0000000      205.0000000      745.0000000      883.0840966      773.5130400  
24JUN02  07:13:00.91  1052741233.0156250    210.0000000      700.0000000      310.0000000      420.0000000      355.0000000      210.0000000      760.0000000      871.2622001      770.2351917  
24JUN02  07:18:00.91  1052741238.0156250    215.0000000      710.0000000      310.0000000      420.0000000      350.0000000      205.0000000      740.0000000      886.4698638      772.2688165  
24JUN02  07:23:00.91  1052741243.0156250    205.0000000      710.0000000      305.0000000      425.0000000      370.0000000      205.0000000      725.0000000      860.0305791      773.2785339  
24JUN02  07:28:00.92  1052741248.0146484    205.0000000      710.0000000      310.0000000      420.0000000      350.0000000      205.0000000      730.0000000      863.2752588      775.8740081  
24JUN02  07:33:00.92  1052741253.0146484    205.0000000      710.0000000      305.0000000      425.0000000      355.0000000      205.0000000      705.0000000      876.6769858      787.9637066  
24JUN02  07:38:00.92  1052741258.0146484    210.0000000      720.0000000      310.0000000      425.0000000      345.0000000      205.0000000      730.0000000      888.1931406      780.6015128  
24JUN02  07:43:00.92  1052741263.0146484    205.0000000      720.0000000      305.0000000      425.0000000      360.0000000      200.0000000      730.0000000      865.5575760      784.8290021  
24JUN02  07:48:00.93  1052741268.0146484    210.0000000      705.0000000      305.0000000      425.0000000      350.0000000      205.0000000      705.0000000      876.9452008      772.1804556  
24JUN02  07:53:00.99  1052741273.0166016    200.0000000      705.0000000      300.0000000      415.0000000      350.0000000      200.0000000      735.0000000      850.0549937      786.9579677  
24JUN02  07:58:00.99  1052741278.0166016    215.0000000      705.0000000      300.0000000      425.0000000      350.0000000      205.0000000      700.0000000      865.9063998      772.9837107  
24JUN02  08:03:00.94  1052741283.0146484    200.0000000      705.0000000      310.0000000      425.0000000      355.0000000      200.0000000      715.0000000      882.7804974      781.3977634  
24JUN02  08:08:00.89  1052741288.0146484    205.0000000      705.0000000      300.0000000      410.0000000      370.0000000      200.0000000      755.0000000      883.1228883      779.1017561  
24JUN02  08:13:00.89  1052741293.0146484    205.0000000      715.0000000      315.0000000      425.0000000      345.0000000      200.0000000      725.0000000      865.6917855      777.5025622  
24JUN02  08:18:00.89  1052741298.0146484    215.0000000      705.0000000      310.0000000      430.0000000      340.0000000      210.0000000      725.0000000      882.3779084      788.7563512  
24JUN02  08:23:00.89  1052741303.0146484    205.0000000      705.0000000      300.0000000      420.0000000      360.0000000      200.0000000      760.0000000      877.7855169      768.5184135  
24JUN02  08:28:00.90  1052741308.0146484    200.0000000      710.0000000      305.0000000      425.0000000      350.0000000      210.0000000      735.0000000      870.3514616      784.0148969  
24JUN02  08:33:00.90  1052741313.0146484    205.0000000      710.0000000      300.0000000      415.0000000      345.0000000      200.0000000      760.0000000      881.0218000      770.8442708  
24JUN02  08:38:00.90  1052741318.0146484    210.0000000      710.0000000      305.0000000      425.0000000      345.0000000      195.0000000      755.0000000      875.6842054      777.3089808  
24JUN02  08:43:01.18  1052741323.0185547    205.0000000      710.0000000      300.0000000      425.0000000      345.0000000      205.0000000      740.0000000      870.5822917      781.4457108  
24JUN02  08:48:00.91  1052741328.0156250    205.0000000      700.0000000      310.0000000      415.0000000      355.0000000      205.0000000      725.0000000      884.3515279      774.8035627  
24JUN02  08:53:01.13  1052741333.0185547    210.0000000      705.0000000      300.0000000      410.0000000      345.0000000      205.0000000      750.0000000      878.6386454      780.3395792  
24JUN02  08:57:59.76  1052741337.9960938    210.0000000      705.0000000      300.0000000      425.0000000      355.0000000      205.0000000      705.0000000      869.5218216      790.3483161  
24JUN02  09:03:00.92  1052741343.0146484    215.0000000      720.0000000      310.0000000      420.0000000      345.0000000      205.0000000      730.0000000      881.0884056      779.3250272  
24JUN02  09:08:00.92  1052741348.0146484    210.0000000      710.0000000      300.0000000      425.0000000      340.0000000      205.0000000      750.0000000      876.7684492      778.6984146  
24JUN02  09:13:00.92  1052741353.0146484    215.0000000      715.0000000      305.0000000      420.0000000      355.0000000      200.0000000      745.0000000      875.0338760      788.2778614  
24JUN02  09:18:00.93  1052741358.0146484    205.0000000      705.0000000      305.0000000      425.0000000      350.0000000      210.0000000      740.0000000      862.8367057      772.6230453  
24JUN02  09:23:01.10  1052741363.0175781    210.0000000      710.0000000      310.0000000      425.0000000      355.0000000      205.0000000      740.0000000      868.0247520      792.6969762  
24JUN02  09:28:00.93  1052741368.0146484    210.0000000      710.0000000      310.0000000      420.0000000      355.0000000      210.0000000      720.0000000      868.7094623      778.6456191  
24JUN02  09:33:00.88  1052741373.0146484    210.0000000      705.0000000      305.0000000      420.0000000      350.0000000      205.0000000      725.0000000      875.6758008      793.1281062  
24JUN02  09:38:00.89  1052741378.0146484    205.0000000      705.0000000      310.0000000      415.0000000      350.0000000      200.0000000      715.0000000      875.0512776      790.0079295  
24JUN02  09:43:00.89  1052741383.0146484    205.0000000      705.0000000      310.0000000      415.0000000      345.0000000      205.0000000      740.0000000      861.8320117      790.1395770  
24JUN02  09:48:01.17  1052741388.0195313    205.0000000      705.0000000      310.0000000      425.0000000      280.0000000      200.0000000      735.0000000      879.6979809      784.0813553  
24JUN02  09:53:00.89  1052741393.0146484    215.0000000      715.0000000      305.0000000      425.0000000      345.0000000      205.0000000      765.0000000      864.7078406      772.6900450  
24JUN02  09:58:00.90  1052741398.0146484    200.0000000      710.0000000      300.0000000      425.0000000      340.0000000      205.0000000      715.0000000      882.3205198      777.2823427  
24JUN02  10:03:00.90  1052741403.0146484    210.0000000      705.0000000      310.0000000      425.0000000      355.0000000      200.0000000      745.0000000      877.4868656      777.8868496  
24JUN02  10:08:00.90  1052741408.0146484    195.0000000      705.0000000      305.0000000      415.0000000      345.0000000      205.0000000      750.0000000      887.2225922      778.2253921  
24JUN02  10:13:00.91  1052741413.0156250    205.0000000      710.0000000      310.0000000      420.0000000      350.0000000      205.0000000      700.0000000      873.3407559      781.4105992  
24JUN02  10:18:00.91  1052741418.0156250    210.0000000      700.0000000      300.0000000      420.0000000      345.0000000      200.0000000      750.0000000      870.6271106      790.6709193  
24JUN02  10:23:00.91  1052741423.0146484    210.0000000      705.0000000      305.0000000      425.0000000      340.0000000      200.0000000      695.0000000      881.2951407      783.0303340  
24JUN02  10:28:00.92  1052741428.0146484    205.0000000      705.0000000      305.0000000      425.0000000      345.0000000      205.0000000      745.0000000      862.5618380      780.5938663  
24JUN02  10:33:00.92  1052741433.0146484    200.0000000      705.0000000      300.0000000      435.0000000      350.0000000      200.0000000      710.0000000      866.8645537      769.4460923  
24JUN02  10:38:01.09  1052741438.0175781    205.0000000      705.0000000      305.0000000      425.0000000      350.0000000      200.0000000      725.0000000      874.5027659      784.0330746  
24JUN02  10:43:00.92  1052741443.0146484    205.0000000      710.0000000      310.0000000      415.0000000      355.0000000      210.0000000      755.0000000      878.1508373      770.8025189  
24JUN02  10:48:00.93  1052741448.0146484    200.0000000      705.0000000      300.0000000      425.0000000      350.0000000      205.0000000      740.0000000      882.5680199      789.4319809  
24JUN02  10:53:00.93  1052741453.0146484    200.0000000      710.0000000      305.0000000      410.0000000      345.0000000      205.0000000      755.0000000      865.4236820      775.4030581  
24JUN02  10:58:00.93  1052741458.0156250    210.0000000      710.0000000      305.0000000      420.0000000      360.0000000      205.0000000      695.0000000      870.8806007      791.5289565  
24JUN02  11:03:00.88  1052741463.0146484    205.0000000      710.0000000      305.0000000      425.0000000      355.0000000      205.0000000      765.0000000      876.0760702      784.7003304  
24JUN02  11:08:00.89  1052741468.0146484    210.0000000      710.0000000      295.0000000      415.0000000      350.0000000      205.0000000      755.0000000      868.9543392      789.9272713  
24JUN02  11:13:00.89  1052741473.0146484    205.0000000      705.0000000      310.0000000      420.0000000      350.0000000      200.0000000      750.0000000      883.5348863      779.6570204  
24JUN02  11:18:00.89  1052741478.0146484    210.0000000      720.0000000      300.0000000      420.0000000      345.0000000      210.0000000      725.0000000      880.0856162      770.1231408  
24JUN02  11:23:00.89  1052741483.0146484    205.0000000      710.0000000      305.0000000      420.0000000      350.0000000      205.0000000      740.0000000      865.6900363      769.4888393  
24JUN02  11:28:00.90  1052741488.0146484    200.0000000      705.0000000      310.0000000      425.0000000      355.0000000      200.0000000      745.0000000      865.2357468      770.4639330  
24JUN02  11:33:00.90  1052741493.0146484    225.0000000      710.0000000      305.0000000      420.0000000      345.0000000      205.0000000      775.0000000      884.8636138      784.1663479  
24JUN02  11:38:00.90  1052741498.0146484    205.0000000      710.0000000      310.0000000      425.0000000      350.0000000      200.0000000      755.0000000      867.2154289      782.8837044  
24JUN02  11:43:00.91  1052741503.0156250    200.0000000      715.0000000      300.0000000      420.0000000      355.0000000      205.0000000      740.0000000      881.2234016      785.9901386  
24JUN02  11:48:00.91  1052741508.0156250    215.0000000      705.0000000      300.0000000      420.0000000      345.0000000      205.0000000      735.0000000      866.6602856      768.0747845  
24JUN02  11:53:00.91  1052741513.0146484    200.0000000      710.0000000      310.0000000      420.0000000      345.0000000      205.0000000      740.0000000      874.3696514      787.9781907  
24JUN02  11:58:00.92  1052741518.0146484    200.0000000      705.0000000      305.0000000      445.0000000      350.0000000      200.0000000      765.0000000      872.5798884      787.3273279  
24JUN02  12:03:00.92  1052741523.0146484    205.0000000      710.0000000      310.0000000      425.0000000      350.0000000      200.0000000      725.0000000      880.1700143      775.5336912  
24JUN02  12:08:00.92  1052741528.0146484    205.0000000      705.0000000      310.0000000      430.0000000      345.0000000      205.0000000      715.0000000      870.9827995      785.2270119  
24JUN02  12:13:00.98  1052741533.0166016    205.0000000      710.0000000      300.0000000      420.0000000      350.0000000      200.0000000      760.0000000      882.8202688      765.8133804  
24JUN02  12:17:59.77  1052741537.9960938    205.0000000      715.0000000      310.0000000      420.0000000      355.0000000      205.0000000      715.0000000      870.1160859      774.3082311  
24JUN02  12:23:00.93  1052741543.0146484    205.0000000      725.0000000      310.0000000      420.0000000      345.0000000      205.0000000      740.0000000      872.9310479      792.2087844  
24JUN02  12:28:00.93  1052741548.0146484    205.0000000      710.0000000      305.0000000      430.0000000      350.0000000      195.0000000      720.0000000      861.0885587      769.4404060  
24JUN02  12:33:00.88  1052741553.0146484    205.0000000      715.0000000      310.0000000      425.0000000      345.0000000      215.0000000      775.0000000      859.5292408      766.6999981  
24JUN02  12:38:00.88  1052741558.0146484    205.0000000      715.0000000      300.0000000      425.0000000      360.0000000      200.0000000      730.0000000      863.7111150      789.2825895  
24JUN02  12:43:00.89  1052741563.0146484    210.0000000      705.0000000      310.0000000      420.0000000      355.0000000      205.0000000      745.0000000      867.2613261      779.4038956  
24JUN02  12:48:00.89  1052741568.0146484    210.0000000      710.0000000      310.0000000      420.0000000      345.0000000      200.0000000      745.0000000      881.8696118      781.8229245  
24JUN02  12:53:00.89  1052741573.0146484    205.0000000      710.0000000      310.0000000      425.0000000      350.0000000      205.0000000      725.0000000      868.0067592      787.2072212  
24JUN02  12:53:00.89  1052741573.0146484    205.0000000      710.0000000      310.0000000      425.0000000      350.0000000      205.0000000      725.0000000      868.0067592      787.2072212  
24JUN02  15:05:01.75  1052741705.0283203    220.0000000      715.0000000      295.0000000      430.0000000      390.0000000      210.0000000      720.0000000      897.2385115      770.3266810  
24JUN02  15:10:01.76  1052741710.0283203    235.0000000      720.0000000      290.0000000      420.0000000      370.0000000      205.0000000      740.0000000      917.2399489      769.6797601  
24JUN02  15:15:01.76  1052741715.0283203    235.0000000      720.0000000      275.0000000      410.0000000      375.0000000      210.0000000      730.0000000      903.7206326      767.9096380  
24JUN02  15:20:01.76  1052741720.0283203    220.0000000      710.0000000      290.0000000      415.0000000      370.0000000      195.0000000      775.0000000      913.8400721      767.5076435  
24JUN02  15:25:01.88  1052741725.0302734    230.0000000      710.0000000      290.0000000      420.0000000      375.0000000      205.0000000      755.0000000      911.6767402      781.0980634  
24JUN02  15:30:01.77  1052741730.0283203    220.0000000      730.0000000      295.0000000      415.0000000      375.0000000      205.0000000      755.0000000      900.3756814      779.7413553  
24JUN02  15:35:01.77  1052741735.0292969    230.0000000      715.0000000      280.0000000      410.0000000      360.0000000      205.0000000      740.0000000      888.4487515      769.4970627  
24JUN02  15:40:01.72  1052741740.0292969    225.0000000      715.0000000      280.0000000      410.0000000      365.0000000      210.0000000      730.0000000      901.8573477      761.2171438  
24JUN02  15:45:01.72  1052741745.0292969    225.0000000      715.0000000      280.0000000      405.0000000      370.0000000      205.0000000      755.0000000      890.3846849      767.0752219  
24JUN02  15:50:01.73  1052741750.0292969    235.0000000      715.0000000      275.0000000      410.0000000      365.0000000      200.0000000      710.0000000      895.6444375      772.2855881  
24JUN02  15:55:01.73  1052741755.0292969    230.0000000      710.0000000      285.0000000      405.0000000      365.0000000      205.0000000      725.0000000      887.2546134      777.1596765  
24JUN02  16:00:01.73  1052741760.0292969    230.0000000      725.0000000      280.0000000      400.0000000      355.0000000      205.0000000      725.0000000      876.6463479      778.5776795  
24JUN02  16:05:01.79  1052741765.0292969    230.0000000      715.0000000      290.0000000      410.0000000      355.0000000      200.0000000      760.0000000      892.4086626      787.0102488  
24JUN02  16:10:01.74  1052741770.0292969    255.0000000      715.0000000      285.0000000      400.0000000      365.0000000      205.0000000      710.0000000      895.8876505      769.0965933  
24JUN02  16:15:01.74  1052741775.0292969    225.0000000      705.0000000      290.0000000      415.0000000      360.0000000      205.0000000      765.0000000      898.9016607      764.5109764  
24JUN02  16:20:01.85  1052741780.0302734    225.0000000      710.0000000      275.0000000      415.0000000      355.0000000      205.0000000      760.0000000      883.4541927      765.9174978  
24JUN02  16:25:02.02  1052741785.0332031    235.0000000      720.0000000      285.0000000      410.0000000      280.0000000      205.0000000      745.0000000      885.2455160      781.7325988  
24JUN02  16:30:01.75  1052741790.0283203    240.0000000      710.0000000      280.0000000      415.0000000      355.0000000      210.0000000      740.0000000      888.4009456      779.3622893  
24JUN02  16:35:01.75  1052741795.0283203    240.0000000      720.0000000      275.0000000      405.0000000      360.0000000      200.0000000      755.0000000      873.6997801      788.6562778  
24JUN02  16:40:01.76  1052741800.0283203    230.0000000      710.0000000      285.0000000      405.0000000      360.0000000      205.0000000      725.0000000      891.2051608      778.6777711  
24JUN02  16:45:01.76  1052741805.0283203    235.0000000      705.0000000      280.0000000      410.0000000      355.0000000      210.0000000      750.0000000      878.9511233      770.5239280  
24JUN02  16:50:01.76  1052741810.0283203    235.0000000      710.0000000      290.0000000      405.0000000      370.0000000      210.0000000      725.0000000      887.8538162      769.9365676  
24JUN02  16:55:01.77  1052741815.0283203    250.0000000      710.0000000      280.0000000      410.0000000      360.0000000      205.0000000      755.0000000      893.7699934      778.1833612  
24JUN02  17:00:01.77  1052741820.0283203    230.0000000      715.0000000      295.0000000      420.0000000      355.0000000      205.0000000      740.0000000      879.7775626      783.1179643  
24JUN02  17:05:01.77  1052741825.0292969    230.0000000      720.0000000      290.0000000      415.0000000      360.0000000      205.0000000      720.0000000      881.4649946      794.4779978  
24JUN02  17:10:01.78  1052741830.0292969    230.0000000      705.0000000      295.0000000      410.0000000      360.0000000      200.0000000      725.0000000      888.4630590      786.6112664  
24JUN02  17:15:01.78  1052741835.0292969    220.0000000      710.0000000      280.0000000      405.0000000      360.0000000      205.0000000      730.0000000      868.4696108      775.1945829  
24JUN02  17:20:01.73  1052741840.0292969    230.0000000      715.0000000      285.0000000      410.0000000      370.0000000      200.0000000      750.0000000      889.1882385      782.4564898  
24JUN02  17:25:01.73  1052741845.0292969    225.0000000      705.0000000      290.0000000      410.0000000      355.0000000      200.0000000      725.0000000      882.6539712      777.1530271  
24JUN02  17:30:01.90  1052741850.0312500    230.0000000      710.0000000      285.0000000      425.0000000      355.0000000      205.0000000      725.0000000      884.3750691      789.0599031  
24JUN02  17:35:01.74  1052741855.0292969    235.0000000      715.0000000      290.0000000      420.0000000      360.0000000      205.0000000      735.0000000      881.7600150      791.1801903  
24JUN02  17:40:01.74  1052741860.0292969    225.0000000      710.0000000      285.0000000      410.0000000      355.0000000      210.0000000      710.0000000      874.5237825      785.8171930  
24JUN02  17:45:01.91  1052741865.0312500    230.0000000      710.0000000      285.0000000      405.0000000      350.0000000      210.0000000      725.0000000      869.4677963      784.0331980  
24JUN02  17:50:01.80  1052741870.0302734    235.0000000      710.0000000      285.0000000      420.0000000      345.0000000      210.0000000      760.0000000      865.8321694      785.9225401  
24JUN02  17:55:01.86  1052741875.0312500    235.0000000      715.0000000      290.0000000      410.0000000      350.0000000      210.0000000      720.0000000      884.2137067      785.3281779  
24JUN02  18:00:01.75  1052741880.0292969    235.0000000      715.0000000      290.0000000      420.0000000      350.0000000      200.0000000      735.0000000      880.6919736      784.9324362  
24JUN02  18:05:01.75  1052741885.0283203    240.0000000      705.0000000      295.0000000      410.0000000      365.0000000      200.0000000      755.0000000      875.5809651      788.3844622  
24JUN02  18:10:01.76  1052741890.0283203    235.0000000      705.0000000      295.0000000      430.0000000      360.0000000      205.0000000      730.0000000      886.9133944      784.7626570  
24JUN02  18:15:01.92  1052741895.0312500    230.0000000      710.0000000      295.0000000      420.0000000      350.0000000      195.0000000      750.0000000      887.4443810      777.5639225  
24JUN02  18:20:01.93  1052741900.0322266    225.0000000      700.0000000      300.0000000      420.0000000      345.0000000      205.0000000      740.0000000      881.1899614      765.0522062  
24JUN02  18:25:02.04  1052741905.0341797    215.0000000      710.0000000      290.0000000      405.0000000      275.0000000      205.0000000      695.0000000      879.9605796      787.9792537  
24JUN02  18:30:01.77  1052741910.0283203    240.0000000      705.0000000      290.0000000      410.0000000      350.0000000      210.0000000      725.0000000      861.7508547      782.5362244  
24JUN02  18:35:01.77  1052741915.0292969    235.0000000      715.0000000      290.0000000      415.0000000      355.0000000      205.0000000      750.0000000      887.0231704      787.9716666  
24JUN02  18:40:01.78  1052741920.0292969    235.0000000      710.0000000      295.0000000      425.0000000      365.0000000      210.0000000      715.0000000      876.3205132      769.3764392  
24JUN02  18:45:01.83  1052741925.0302734    230.0000000      710.0000000      305.0000000      415.0000000      350.0000000      205.0000000      730.0000000      884.5223503      784.3786518  
24JUN02  18:50:01.73  1052741930.0292969    235.0000000      700.0000000      290.0000000      410.0000000      350.0000000      205.0000000      730.0000000      875.9225662      767.6309889  
24JUN02  18:55:01.73  1052741935.0292969    225.0000000      710.0000000      295.0000000      420.0000000      360.0000000      210.0000000      730.0000000      870.5417665      788.2347853  
24JUN02  19:00:01.73  1052741940.0292969    225.0000000      705.0000000      295.0000000      420.0000000      355.0000000      205.0000000      765.0000000      867.5737033      790.0109282  
24JUN02  19:05:01.90  1052741945.0312500    225.0000000      710.0000000      290.0000000      410.0000000      350.0000000      205.0000000      725.0000000      883.8302681      768.9835618  
24JUN02  19:10:01.74  1052741950.0292969    235.0000000      710.0000000      305.0000000      415.0000000      350.0000000      210.0000000      740.0000000      879.1486006      779.9880618  
24JUN02  19:15:01.74  1052741955.0292969    230.0000000      710.0000000      300.0000000      410.0000000      335.0000000      205.0000000      755.0000000      865.2424692      770.5702490  
24JUN02  19:20:02.07  1052741960.0332031    225.0000000      700.0000000      305.0000000      415.0000000      275.0000000      200.0000000      750.0000000      875.3634969      782.7250533  
24JUN02  19:25:01.75  1052741965.0292969    235.0000000      710.0000000      295.0000000      415.0000000      350.0000000      205.0000000      720.0000000      862.1842891      767.9681912  
24JUN02  19:30:01.75  1052741970.0292969    200.0000000      710.0000000      290.0000000      420.0000000      350.0000000      200.0000000      745.0000000      882.7997988      781.7502253  
24JUN02  19:35:01.75  1052741975.0283203    210.0000000      710.0000000      305.0000000      425.0000000      355.0000000      205.0000000      735.0000000      880.8221684      777.5463232  
24JUN02  19:40:01.76  1052741980.0283203    205.0000000      700.0000000      295.0000000      415.0000000      355.0000000      205.0000000      730.0000000      880.7220866      775.7545018  
24JUN02  19:45:01.76  1052741985.0283203    235.0000000      710.0000000      290.0000000      410.0000000      355.0000000      200.0000000      725.0000000      882.3840371      790.9696332  
24JUN02  19:50:01.76  1052741990.0283203    210.0000000      710.0000000      290.0000000      425.0000000      350.0000000      205.0000000      710.0000000      855.5123901      787.0363042  
24JUN02  19:55:01.77  1052741995.0283203    210.0000000      720.0000000      300.0000000      415.0000000      345.0000000      205.0000000      715.0000000      881.5243132      787.4525116  
24JUN02  20:00:01.77  1052742000.0283203    215.0000000      715.0000000      300.0000000      420.0000000      360.0000000      205.0000000      730.0000000      876.7978027      774.7418901  
24JUN02  20:05:01.77  1052742005.0292969    215.0000000      710.0000000      290.0000000      420.0000000      350.0000000      200.0000000      740.0000000      873.7909361      772.3480191  
24JUN02  20:10:01.89  1052742010.0302734    210.0000000      710.0000000      295.0000000      415.0000000      355.0000000      205.0000000      725.0000000      889.5949021      783.8336199  
24JUN02  20:15:01.83  1052742015.0302734    205.0000000      705.0000000      295.0000000      405.0000000      355.0000000      205.0000000      750.0000000      885.3359185      781.9954243  
24JUN02  20:20:01.73  1052742020.0292969    200.0000000      710.0000000      305.0000000      415.0000000      350.0000000      210.0000000      735.0000000      867.9487627      787.1370511  
24JUN02  20:25:01.73  1052742025.0292969    205.0000000      715.0000000      310.0000000      415.0000000      360.0000000      205.0000000      725.0000000      856.0596315      781.6560072  
24JUN02  20:30:01.73  1052742030.0292969    205.0000000      710.0000000      300.0000000      420.0000000      350.0000000      205.0000000      695.0000000      881.2602265      772.9149294  
24JUN02  20:35:01.74  1052742035.0292969    205.0000000      705.0000000      300.0000000      420.0000000      345.0000000      200.0000000      715.0000000      883.9452999      774.2393879  
24JUN02  20:40:01.74  1052742040.0292969    220.0000000      700.0000000      295.0000000      420.0000000      345.0000000      205.0000000      735.0000000      871.7242348      787.0875385  
24JUN02  20:45:01.74  1052742045.0292969    210.0000000      710.0000000      310.0000000      420.0000000      360.0000000      205.0000000      725.0000000      875.5493498      772.6685450  
24JUN02  20:50:01.74  1052742050.0292969    215.0000000      710.0000000      295.0000000      420.0000000      355.0000000      205.0000000      765.0000000      869.9734538      777.5096932  
24JUN02  20:55:01.75  1052742055.0292969    200.0000000      710.0000000      310.0000000      420.0000000      350.0000000      205.0000000      760.0000000      864.3469945      771.8184082  
24JUN02  21:00:01.75  1052742060.0292969    200.0000000      710.0000000      320.0000000      420.0000000      345.0000000      205.0000000      735.0000000      870.4102912      790.0023819  
24JUN02  21:05:01.75  1052742065.0283203    210.0000000      710.0000000      305.0000000      420.0000000      345.0000000      200.0000000      735.0000000      876.7919875      777.2999924  
24JUN02  21:10:01.76  1052742070.0283203    205.0000000      710.0000000      300.0000000      415.0000000      355.0000000      210.0000000      715.0000000      873.0996928      778.4175675  
24JUN02  21:15:01.76  1052742075.0283203    210.0000000      720.0000000      295.0000000      420.0000000      355.0000000      200.0000000      740.0000000      869.8383861      769.8509183  
24JUN02  21:20:01.76  1052742080.0283203    205.0000000      710.0000000      300.0000000      420.0000000      355.0000000      200.0000000      760.0000000      880.3223126      762.0094504  
24JUN02  21:25:01.93  1052742085.0312500    205.0000000      710.0000000      300.0000000      420.0000000      355.0000000      200.0000000      740.0000000      868.6747249      783.8981976  
24JUN02  21:30:01.77  1052742090.0283203    200.0000000      710.0000000      305.0000000      415.0000000      350.0000000      205.0000000      705.0000000      894.3733283      788.0697942  
24JUN02  21:35:01.88  1052742095.0302734    210.0000000      710.0000000      305.0000000      415.0000000      350.0000000      200.0000000      735.0000000      876.7646586      771.7608797  
24JUN02  21:40:01.78  1052742100.0292969    210.0000000      705.0000000      300.0000000      420.0000000      360.0000000      200.0000000      715.0000000      884.0245903      770.8027494  
24JUN02  21:45:01.78  1052742105.0292969    205.0000000      700.0000000      300.0000000      415.0000000      355.0000000      200.0000000      730.0000000      870.7927443      787.1175361  
24JUN02  21:50:01.78  1052742110.0292969    210.0000000      710.0000000      305.0000000      420.0000000      350.0000000      205.0000000      755.0000000      853.9920778      783.5200949  
24JUN02  21:55:01.73  1052742115.0292969    195.0000000      705.0000000      305.0000000      420.0000000      355.0000000      205.0000000      720.0000000      876.5120925      792.5542230  
24JUN02  22:00:00.63  1052742120.0097656    215.0000000      700.0000000      305.0000000      430.0000000      345.0000000      205.0000000      720.0000000      869.0866488      779.2446379  
24JUN02  22:05:01.74  1052742125.0292969    210.0000000      710.0000000      305.0000000      420.0000000      355.0000000      200.0000000      745.0000000      879.5267180      779.5166969  
24JUN02  22:10:01.74  1052742130.0292969    200.0000000      710.0000000      305.0000000      420.0000000      340.0000000      205.0000000      730.0000000      883.2268775      788.0723311  
24JUN02  22:15:01.74  1052742135.0292969    200.0000000      710.0000000      305.0000000      425.0000000      350.0000000      205.0000000      710.0000000      876.6667843      785.5067192  
24JUN02  22:20:01.74  1052742140.0292969    210.0000000      705.0000000      305.0000000      420.0000000      350.0000000      195.0000000      720.0000000      866.0028470      790.9140747  
24JUN02  22:25:01.75  1052742145.0292969    210.0000000      710.0000000      300.0000000      425.0000000      365.0000000      205.0000000      740.0000000      870.3199440      788.6226223  
24JUN02  22:30:01.75  1052742150.0292969    210.0000000      705.0000000      305.0000000      420.0000000      350.0000000      205.0000000      740.0000000      870.2796183      790.4482124  
24JUN02  22:35:01.75  1052742155.0292969    210.0000000      715.0000000      305.0000000      410.0000000      355.0000000      205.0000000      710.0000000      875.3260146      772.1995785  
24JUN02  22:40:01.76  1052742160.0283203    205.0000000      715.0000000      305.0000000      420.0000000      340.0000000      205.0000000      700.0000000      870.4584602      785.2438323  
24JUN02  22:45:01.76  1052742165.0283203    215.0000000      705.0000000      305.0000000      425.0000000      355.0000000      205.0000000      760.0000000      874.2369766      777.6862515  
24JUN02  22:50:01.76  1052742170.0283203    205.0000000      705.0000000      300.0000000      425.0000000      355.0000000      210.0000000      725.0000000      877.8389934      789.7343928  
24JUN02  22:55:01.99  1052742175.0322266    205.0000000      710.0000000      300.0000000      420.0000000      355.0000000      200.0000000      725.0000000      879.0411811      788.5945468  
24JUN02  23:00:01.82  1052742180.0292969    210.0000000      710.0000000      320.0000000      420.0000000      350.0000000      205.0000000      745.0000000      864.8526910      775.1723354  
24JUN02  23:05:01.77  1052742185.0292969    200.0000000      725.0000000      305.0000000      420.0000000      355.0000000      200.0000000      735.0000000      878.9352287      790.0208343  
24JUN02  23:10:01.77  1052742190.0292969    205.0000000      710.0000000      300.0000000      415.0000000      355.0000000      205.0000000      730.0000000      878.0990655      777.1285561  
24JUN02  23:15:01.78  1052742195.0292969    225.0000000      710.0000000      305.0000000      420.0000000      350.0000000      205.0000000      725.0000000      884.7209641      770.4866296  
24JUN02  23:20:01.78  1052742200.0292969    210.0000000      710.0000000      310.0000000      420.0000000      350.0000000      205.0000000      735.0000000      883.9050761      777.7056623  
24JUN02  23:25:01.73  1052742205.0292969    210.0000000      710.0000000      300.0000000      420.0000000      350.0000000      200.0000000      760.0000000      885.9618241      790.8375575  
24JUN02  23:30:01.79  1052742210.0292969    215.0000000      710.0000000      305.0000000      420.0000000      360.0000000      205.0000000      720.0000000      873.1426541      768.3041386  
24JUN02  23:35:01.74  1052742215.0292969    200.0000000      705.0000000      305.0000000      415.0000000      360.0000000      200.0000000      745.0000000      877.3417921      785.9868157  
24JUN02  23:40:01.74  1052742220.0292969    205.0000000      710.0000000      305.0000000      410.0000000      350.0000000      205.0000000      765.0000000      877.9862066      769.9421641  
24JUN02  23:45:01.74  1052742225.0292969    200.0000000      710.0000000      300.0000000      415.0000000      350.0000000      200.0000000      770.0000000      879.7488605      776.4096919  
24JUN02  23:50:01.74  1052742230.0292969    210.0000000      705.0000000      310.0000000      420.0000000      350.0000000      205.0000000      710.0000000      869.2476938      768.4220587  
24JUN02  23:55:01.75  1052742235.0292969    205.0000000      705.0000000      305.0000000      430.0000000      350.0000000      205.0000000      730.0000000      862.7903996      776.2787433  
25JUN02  00:00:01.70  1052742240.0283203    205.0000000      710.0000000      310.0000000      420.0000000      350.0000000      210.0000000      720.0000000      867.2538822      773.7100269  
25JUN02  00:05:01.70  1052742245.0283203    210.0000000      710.0000000      300.0000000      415.0000000      345.0000000      205.0000000      755.0000000      873.6604811      763.7113716  
25JUN02  00:10:01.70  1052742250.0283203    200.0000000      705.0000000      305.0000000      415.0000000      345.0000000      205.0000000      750.0000000      883.7225628      773.9940366  
25JUN02  00:15:01.71  1052742255.0273438    205.0000000      705.0000000      295.0000000      420.0000000      350.0000000      205.0000000      750.0000000      867.9689743      774.7324566  
25JUN02  00:20:01.71  1052742260.0273438    210.0000000      705.0000000      305.0000000      415.0000000      355.0000000      200.0000000      720.0000000      887.1788097      770.6882960  
25JUN02  00:25:01.71  1052742265.0283203    200.0000000      705.0000000      310.0000000      430.0000000      350.0000000      210.0000000      710.0000000      875.3747700      768.8701723  
25JUN02  00:30:01.72  1052742270.0283203    200.0000000      705.0000000      300.0000000      420.0000000      360.0000000      205.0000000      760.0000000      881.9633375      773.6872899  
25JUN02  00:35:01.72  1052742275.0283203    200.0000000      710.0000000      300.0000000      420.0000000      365.0000000      200.0000000      735.0000000      860.1794314      775.4184771  
25JUN02  00:40:01.72  1052742280.0283203    210.0000000      705.0000000      305.0000000      415.0000000      345.0000000      195.0000000      725.0000000      861.6484714      794.4661652  
